0.26699036191202397 0.5564897617963713
0.6464648943280011 0.18712914306943962
0.4872797269768995 0.5365493777615139
0.8678211460933837 0.1896598145899031
0.12685521770393793 0.21299858045854947
0.4002269257951222 0.7298209494091826
0.7370213107021144 0.6043912324166621
0.8370468680155526 0.2945605156850385
0.36389041660754895 0.44532713449583006
0.570845887436057 0.6359245544175329
0.170780501272095 0.06316296176336544
0.9161303933160121 0.06399425089562039
0.803006764703425 0.735925703143787
0.6357540410504201 0.505952439696727
0.4877744775498909 0.09371433674012497
0.36418288482723016 0.6948357017740416
0.7456676448189434 0.4237281970060154
0.195228141325393 0.6650040470268206
0.5052682905655534 0.3181609888339034
0.0075194749234197555 0.3260877861760806
0.35872976746990237 0.9645521176613865
0.9379057136653743 0.26314669255854384
0.6736666628029856 0.5197873592286868
0.7811334853788973 0.068003946017963
0.285512792592009 0.43179367091821597
0.9935690639857597 0.4451934336653446
0.5345381491991298 0.2770732759924428
0.40939201027707794 0.055685648345566996
0.483004301924297 0.6675747859892478
0.7396038551668052 0.5625341834491451
